Total:    16 | Class: 0 | [14,2,0,0,0,0,0] | Acc: 87.50 | File: dataset\ori\test\1\1_4.bmp | Time: 0.591613
Total:    16 | Class: 1 | [0,9,0,0,0,0,7] | Acc: 56.25 | File: dataset\ori\test\2\2_4.bmp | Time: 0.029079
Total:    16 | Class: 2 | [0,3,6,1,6,0,0] | Acc: 37.50 | File: dataset\ori\test\3\3_4.bmp | Time: 0.029096
